2 3.128e-08 2.939e-08 3.285e-08 1.0425e-07 2.0502e-07 4.018e-08
3 6.193e-08 5.848e-08 6.379e-08 1.4208e-07 4.0692e-07 7.558e-08
4 1.6392e-07 8.565e-08 1.0023e-07 3.1782e-07 6.4213e-07 1.1219e-07
5 2.4331e-07 1.9293e-07 2.4263e-07 4.0131e-07 1.3015e-06 1.6249e-07
6 2.1954e-07 1.6548e-07 2.0946e-07 2.7619e-07 1.00847e-06 2.1983e-07
7 4.2141e-07 2.9953e-07 3.381e-07 3.4149e-07 1.67652e-06 3.5773e-07
8 4.6566e-07 3.5875e-07 6.5202e-07 5.0742e-07 1.77169e-06 3.8729e-07
9 6.3933e-07 9.6003e-07 1.06028e-06 8.892e-07 2.80423e-06 4.5534e-07
10 1.00674e-06 4.9492e-07 1.08966e-06 2.35885e-06 9.08433e-06 4.6922e-07
11 8.0857e-07 4.1685e-07 7.7489e-07 8.7075e-07 2.6258e-06 5.2735e-07
12 1.5051e-06 4.2821e-07 2.48486e-06 1.82835e-06 2.96755e-06 7.5151e-07
13 1.65293e-06 5.7331e-07 9.9137e-07 7.9558e-07 3.36452e-06 8.6854e-07
14 1.21017e-06 2.2024e-06 3.25563e-06 9.2332e-07 3.23956e-06 7.8074e-07
15 1.48062e-06 6.4385e-07 1.17785e-06 9.7814e-07 3.29498e-06 8.0584e-07
16 1.82462e-06 3.83561e-06 2.38991e-06 1.08493e-06 3.88642e-06 9.5956e-07
17 2.27704e-06 1.86947e-06 1.5933e-06 1.35552e-06 4.44324e-06 2.22795e-06
18 2.09094e-06 9.3792e-07 1.77291e-06 1.35943e-06 5.4241e-06 1.56405e-06
19 2.23504e-06 9.8831e-07 1.7784e-06 1.82978e-06 4.3455e-06 1.58359e-06
20 2.72483e-06 1.10175e-06 2.32376e-06 1.57084e-06 6.52678e-06 1.18521e-06
21 2.82344e-06 1.74219e-06 3.59803e-06 2.02846e-06 5.40452e-06 1.20625e-06
22 5.72831e-06 1.44515e-06 2.67633e-06 2.32717e-06 7.01562e-06 1.43329e-06
23 3.90046e-06 1.22119e-06 4.33245e-06 2.3516e-06 5.36714e-06 1.43601e-06
24 3.76836e-06 1.29087e-06 5.58477e-06 2.50722e-06 7.45717e-06 1.43798e-06
25 3.53543e-06 1.30146e-06 3.47401e-06 2.13827e-06 6.46067e-06 1.65178e-06
26 4.4651e-06 2.00746e-06 3.06533e-06 3.56606e-06 6.42754e-06 1.61211e-06
27 4.72913e-06 2.58327e-06 6.54863e-06 2.35295e-06 6.18642e-06 1.67679e-06
28 4.59513e-06 1.5393e-06 4.41492e-06 4.08403e-06 7.16371e-06 1.84497e-06
29 5.29074e-06 2.24358e-06 3.73929e-06 2.38917e-06 7.38439e-06 1.74767e-06
30 5.4785e-06 1.67931e-06 3.30426e-06 2.53295e-06 9.90879e-06 1.87701e-06
31 6.07667e-06 3.30359e-06 8.00054e-06 2.99355e-06 6.91193e-06 1.76408e-06
32 6.55354e-06 5.09335e-06 4.18077e-06 3.07948e-06 6.9823e-06 1.65295e-06
33 6.4558e-06 5.08363e-06 4.32986e-06 3.08848e-06 7.35364e-06 1.95449e-06
34 1.04673e-05 4.15397e-06 7.97299e-06 5.9584e-06 9.06545e-06 2.14557e-06
35 9.6418e-06 2.43783e-06 4.71653e-06 3.48206e-06 8.43806e-06 1.99842e-06
36 7.82165e-06 5.46476e-06 4.85762e-06 3.30782e-06 7.74615e-06 1.95611e-06
37 7.53766e-06 3.28065e-06 1.13507e-05 3.54711e-06 8.7926e-06 2.17256e-06
38 7.36902e-06 2.33536e-06 4.48374e-06 2.96884e-06 1.66404e-05 2.71885e-06
39 9.94956e-06 2.9546e-06 7.04083e-06 3.9718e-06 1.06523e-05 2.47352e-06
40 9.24295e-06 4.47553e-06 6.70936e-06 3.60223e-06 8.36711e-06 2.21609e-06
41 9.26043e-06 2.87354e-06 5.73897e-06 3.43585e-06 8.88929e-06 2.37616e-06
42 1.25883e-05 3.62412e-06 6.25242e-06 6.19911e-06 1.34705e-05 2.84775e-06
43 1.15254e-05 3.09672e-06 9.45024e-06 4.49354e-06 1.09051e-05 2.82898e-06
44 1.14269e-05 4.94191e-06 6.99653e-06 3.80076e-06 9.72725e-06 2.61514e-06
45 1.47654e-05 4.81964e-06 6.82854e-06 4.13551e-06 1.76247e-05 4.82558e-06
46 1.54261e-05 4.23166e-06 7.92834e-06 4.70834e-06 1.0485e-05 2.81678e-06
47 1.17145e-05 4.16309e-06 1.09732e-05 5.13081e-06 1.06858e-05 3.09551e-06
48 1.19408e-05 3.38169e-06 6.37949e-06 3.83575e-06 1.07945e-05 3.3788e-06
49 1.48128e-05 8.21144e-06 1.36778e-05 6.43353e-06 1.14634e-05 3.04852e-06
50 1.34397e-05 7.31314e-06 8.45639e-06 4.61147e-06 1.04242e-05 3.12229e-06
51 1.73087e-05 4.39989e-06 8.60604e-06 4.80116e-06 1.13656e-05 3.03148e-06
52 1.89045e-05 4.69722e-06 8.88253e-06 7.03675e-06 1.34266e-05 3.48216e-06
53 1.92072e-05 4.74971e-06 8.91957e-06 4.88008e-06 1.15196e-05 3.37494e-06
54 1.91391e-05 5.27876e-06 1.05541e-05 5.65585e-06 1.36699e-05 3.70387e-06
55 3.30778e-05 8.53934e-06 1.08571e-05 5.02584e-06 1.30996e-05 3.61528e-06
56 2.22038e-05 5.53331e-06 1.0151e-05 5.40639e-06 1.1785e-05 3.40943e-06
57 1.93969e-05 5.79315e-06 9.8523e-06 5.22772e-06 1.55866e-05 4.65522e-06
58 1.77171e-05 6.86368e-06 9.49602e-06 5.06255e-06 1.48233e-05 4.6695e-06
59 2.32197e-05 5.79019e-06 1.05086e-05 5.6406e-06 1.37695e-05 4.12106e-06
60 2.19557e-05 7.63328e-06 1.16218e-05 5.49089e-06 1.27726e-05 3.68018e-06
61 2.00335e-05 6.21111e-06 1.49279e-05 5.72e-06 1.3094e-05 3.77783e-06
62 2.43807e-05 6.18904e-06 1.18674e-05 9.87536e-06 1.84806e-05 4.23244e-06
63 2.22917e-05 6.25873e-06 1.23815e-05 5.98928e-06 1.34478e-05 3.95869e-06
64 2.62718e-05 5.89711e-06 1.15457e-05 6.11632e-06 1.60163e-05 6.68527e-06
65 2.25504e-05 1.1714e-05 1.26416e-05 6.01323e-06 1.3599e-05 4.13082e-06
66 2.20763e-05 6.5633e-06 1.27859e-05 5.51657e-06 1.31382e-05 4.0734e-06
67 3.46437e-05 8.79605e-06 1.35097e-05 5.94938e-06 1.42725e-05 4.06378e-06
68 2.38805e-05 7.11292e-06 1.40869e-05 6.15221e-06 1.48036e-05 4.3916e-06
69 2.86095e-05 1.05462e-05 1.58665e-05 6.57098e-06 1.48589e-05 4.48222e-06
70 2.87878e-05 7.43743e-06 1.36416e-05 6.23981e-06 1.52002e-05 4.72163e-06
71 2.68923e-05 8.57039e-06 1.9675e-05 7.01792e-06 1.60534e-05 4.68981e-06
72 3.0288e-05 8.05771e-06 1.52362e-05 6.39424e-06 1.54099e-05 4.62582e-06
73 3.29117e-05 9.70614e-06 1.63346e-05 6.59981e-06 1.68496e-05 4.94478e-06
74 3.12673e-05 7.78218e-06 1.48365e-05 6.83296e-06 1.95046e-05 4.96749e-06
75 3.95488e-05 7.94249e-06 1.50112e-05 6.60129e-06 1.67563e-05 5.05971e-06
76 3.32601e-05 9.22621e-06 1.73491e-05 6.90096e-06 1.98387e-05 6.4204e-06
77 3.38103e-05 8.19726e-06 1.56561e-05 6.88266e-06 1.77666e-05 5.21767e-06
78 3.40865e-05 8.59592e-06 1.65435e-05 9.48544e-06 2.06744e-05 5.44805e-06
79 3.74118e-05 8.25028e-06 1.66929e-05 7.86292e-06 1.86946e-05 5.30888e-06
80 3.84974e-05 1.0501e-05 1.74582e-05 7.18676e-06 1.73296e-05 5.44124e-06
81 3.60501e-05 9.65891e-06 1.79737e-05 7.34603e-06 1.79434e-05 6.36143e-06
82 3.43465e-05 8.57494e-06 1.70492e-05 7.01643e-06 2.00626e-05 5.69436e-06
83 3.65482e-05 1.00631e-05 1.81356e-05 1.12961e-05 2.02917e-05 5.77004e-06
84 3.88099e-05 1.06159e-05 1.8778e-05 8.73363e-06 1.9345e-05 6.31442e-06
85 3.83588e-05 1.02803e-05 1.8897e-05 9.43049e-06 2.00221e-05 6.17167e-06
86 3.66359e-05 1.06522e-05 2.06205e-05 1.14993e-05 2.46716e-05 6.47996e-06
87 5.23186e-05 1.06834e-05 2.00734e-05 8.30645e-06 1.90102e-05 5.89985e-06
88 4.98589e-05 1.13288e-05 2.09435e-05 8.79899e-06 1.96057e-05 6.26263e-06
89 4.44533e-05 1.90046e-05 2.58271e-05 8.88888e-06 2.04651e-05 7.00675e-06
90 4.33595e-05 1.10511e-05 2.04542e-05 1.38055e-05 2.7623e-05 6.3705e-06
91 4.31196e-05 1.18491e-05 2.18126e-05 8.38421e-06 2.38075e-05 7.45832e-06
92 4.98485e-05 1.08444e-05 2.02844e-05 8.12011e-06 1.88108e-05 5.76382e-06
93 4.89691e-05 1.6944e-05 2.72368e-05 8.99805e-06 2.23563e-05 6.4405e-06
94 4.26011e-05 1.42299e-05 2.34847e-05 1.76109e-05 2.4611e-05 6.25585e-06
95 4.45661e-05 1.28506e-05 2.65832e-05 8.97798e-06 2.15902e-05 1.18168e-05
96 4.24352e-05 1.13863e-05 2.28145e-05 9.60842e-06 2.16641e-05 6.65457e-06
97 5.34746e-05 1.30361e-05 2.68762e-05 8.84972e-06 2.39655e-05 6.68946e-06
98 4.65759e-05 1.3057e-05 2.99355e-05 9.75727e-06 2.11087e-05 7.38753e-06
99 4.92313e-05 1.22945e-05 2.30605e-05 8.75679e-06 2.83392e-05 6.75169e-06
100 5.13646e-05 1.35494e-05 2.39152e-05 8.57051e-06 2.16586e-05 7.03145e-06
101 6.049e-05 2.21653e-05 3.89845e-05 1.42067e-05 4.24435e-05 1.19696e-05
102 4.66287e-05 1.37244e-05 2.88358e-05 9.43053e-06 2.18184e-05 8.85169e-06
103 5.59742e-05 1.38423e-05 2.69431e-05 1.04897e-05 2.22399e-05 7.21501e-06
104 8.26139e-05 2.52206e-05 3.157e-05 1.12488e-05 2.86328e-05 1.64761e-05
105 5.32965e-05 1.48879e-05 2.702e-05 9.83784e-06 2.53749e-05 8.82501e-06
106 5.35866e-05 1.51003e-05 2.91831e-05 9.45817e-06 2.38183e-05 8.22947e-06
107 6.06933e-05 1.58407e-05 2.97233e-05 1.10342e-05 2.43199e-05 8.65941e-06
108 6.17139e-05 1.60359e-05 3.00283e-05 1.08482e-05 2.42981e-05 9.26942e-06
109 6.30031e-05 1.64336e-05 3.00975e-05 1.07801e-05 2.44714e-05 1.65716e-05
110 7.22069e-05 1.5458e-05 2.8582e-05 9.27662e-06 2.76011e-05 8.42411e-06
111 6.21956e-05 1.66441e-05 3.05594e-05 1.10219e-05 2.6237e-05 7.90167e-06
112 6.11901e-05 1.67121e-05 3.41809e-05 1.26362e-05 2.52769e-05 8.04693e-06
113 6.03387e-05 1.69827e-05 3.64033e-05 1.10398e-05 2.59581e-05 8.15342e-06
114 6.27346e-05 1.63321e-05 2.9507e-05 1.02318e-05 2.35585e-05 7.54684e-06
115 6.60912e-05 2.13365e-05 2.99352e-05 9.55255e-06 2.27599e-05 7.20198e-06
116 6.9897e-05 1.96766e-05 3.03032e-05 9.87355e-06 2.35627e-05 7.35388e-06
117 7.07905e-05 1.79381e-05 2.97464e-05 1.00968e-05 2.47906e-05 7.35361e-06
118 7.0856e-05 1.78349e-05 3.21952e-05 1.00776e-05 2.39587e-05 8.11848e-06
119 7.32283e-05 1.98071e-05 3.24609e-05 9.88015e-06 2.51919e-05 8.09555e-06
120 7.15956e-05 1.72825e-05 3.24841e-05 1.07507e-05 2.61083e-05 1.2428e-05
121 7.4662e-05 1.81627e-05 3.67012e-05 1.46448e-05 2.74774e-05 8.07046e-06
122 6.51048e-05 1.66368e-05 3.51047e-05 1.08621e-05 2.46817e-05 7.84525e-06
123 6.79461e-05 1.69129e-05 4.04801e-05 1.08815e-05 2.44963e-05 8.07102e-06
124 7.24557e-05 2.08736e-05 3.50459e-05 1.0983e-05 2.52553e-05 8.26156e-06
125 7.3609e-05 2.08484e-05 3.65939e-05 1.01591e-05 2.52021e-05 1.2302e-05
126 6.88637e-05 1.87721e-05 3.48788e-05 1.06612e-05 3.13913e-05 1.05462e-05
127 6.32852e-05 1.86554e-05 3.60961e-05 1.07844e-05 4.06617e-05 8.8303e-06
128 8.21653e-05 1.94953e-05 5.27638e-05 1.18872e-05 2.62707e-05 8.5039e-06
129 7.64244e-05 2.61485e-05 4.01301e-05 1.06852e-05 2.65808e-05 8.60022e-06
130 8.6303e-05 1.97559e-05 3.68542e-05 1.05938e-05 2.62117e-05 1.98137e-05
131 7.68806e-05 2.03141e-05 4.36496e-05 1.11824e-05 3.12872e-05 1.02365e-05
132 7.32619e-05 2.45056e-05 4.15638e-05 1.74861e-05 3.27831e-05 9.72933e-06
133 8.04679e-05 2.23752e-05 4.8933e-05 1.15406e-05 3.09477e-05 9.51706e-06
134 7.45506e-05 2.22739e-05 4.32865e-05 1.16468e-05 2.61746e-05 8.71566e-06
135 9.29976e-05 2.38013e-05 4.30577e-05 1.18567e-05 3.02173e-05 1.49025e-05
136 7.61381e-05 2.09789e-05 3.8806e-05 1.59152e-05 3.90006e-05 9.79117e-06
137 8.57288e-05 2.25757e-05 5.03372e-05 1.12208e-05 2.7823e-05 9.57081e-06
138 9.30679e-05 2.26158e-05 4.27472e-05 1.14973e-05 2.9455e-05 9.29908e-06
139 8.3342e-05 2.07854e-05 4.01461e-05 2.1503e-05 3.7575e-05 1.0047e-05
140 9.20331e-05 2.36155e-05 4.91316e-05 1.4163e-05 2.94742e-05 9.72703e-06
141 8.79097e-05 2.83169e-05 4.83228e-05 1.44783e-05 3.11949e-05 9.94892e-06
142 9.8418e-05 2.297e-05 4.28205e-05 1.17205e-05 3.71845e-05 1.05009e-05
143 8.87529e-05 2.2841e-05 4.86617e-05 1.82382e-05 2.93281e-05 9.80606e-06
144 9.29979e-05 2.54266e-05 4.25929e-05 1.1723e-05 2.8998e-05 9.42465e-06
145 9.10969e-05 2.52937e-05 4.19972e-05 1.11116e-05 4.19435e-05 1.10621e-05
146 9.15368e-05 2.48286e-05 5.50867e-05 1.1945e-05 3.01702e-05 9.95425e-06
147 9.89071e-05 2.29471e-05 4.51872e-05 1.23991e-05 3.35967e-05 1.56254e-05
148 9.14906e-05 2.73205e-05 5.76704e-05 1.51364e-05 3.02412e-05 1.04331e-05
149 0.000103597 2.57762e-05 4.67404e-05 1.23268e-05 3.6316e-05 1.00332e-05
150 0.000100363 2.54792e-05 5.06495e-05 1.60143e-05 3.07432e-05 1.00529e-05
151 9.39173e-05 3.50579e-05 5.69967e-05 1.50775e-05 3.18061e-05 1.04695e-05
152 0.00010699 2.84145e-05 4.65245e-05 2.0264e-05 3.45505e-05 1.86661e-05
153 0.000105167 3.12063e-05 5.22254e-05 1.26112e-05 3.17591e-05 1.08469e-05
154 9.53064e-05 2.5792e-05 4.86546e-05 1.79902e-05 3.87731e-05 1.11557e-05
155 9.13118e-05 3.89323e-05 5.17298e-05 1.40049e-05 3.14985e-05 1.06318e-05
156 0.000104948 2.81589e-05 5.71901e-05 1.76082e-05 3.62163e-05 1.0823e-05
157 0.00010833 2.85963e-05 5.12207e-05 1.33079e-05 3.4121e-05 1.07587e-05
158 0.000101879 3.26487e-05 5.83972e-05 1.50763e-05 3.31803e-05 1.07843e-05
159 0.000109187 2.78237e-05 5.81456e-05 1.39574e-05 3.25946e-05 1.60267e-05
160 0.000111915 2.98606e-05 6.1332e-05 1.59887e-05 3.33333e-05 1.09885e-05
161 0.000112547 2.97832e-05 5.30651e-05 1.37751e-05 4.28556e-05 1.12983e-05
162 0.000103734 3.78323e-05 5.5143e-05 1.46971e-05 3.28762e-05 1.10768e-05
163 0.000115203 3.0587e-05 6.95897e-05 1.46448e-05 3.53634e-05 1.24089e-05
164 0.000113505 2.93306e-05 6.4522e-05 2.39572e-05 4.22152e-05 1.17674e-05
165 0.000103155 3.44388e-05 5.62342e-05 1.65432e-05 3.58414e-05 1.13028e-05
166 0.00011832 2.8235e-05 6.41296e-05 1.42084e-05 4.20405e-05 1.2382e-05
167 0.000117195 2.94961e-05 5.4126e-05 1.37162e-05 4.25961e-05 1.49708e-05
168 0.000107942 4.29638e-05 5.72636e-05 1.4794e-05 3.42171e-05 1.14348e-05
169 0.000125104 3.06566e-05 7.18067e-05 1.32363e-05 3.53053e-05 1.14795e-05
170 0.000119346 3.07471e-05 6.75239e-05 1.97416e-05 3.52762e-05 1.24644e-05
171 0.000130491 3.65938e-05 6.80111e-05 1.66319e-05 4.24625e-05 1.31213e-05
172 0.000128561 3.35056e-05 6.20039e-05 1.46984e-05 3.75683e-05 1.80486e-05
173 0.000119111 3.82873e-05 6.57739e-05 1.61915e-05 3.75411e-05 1.20987e-05
174 0.000130432 3.02139e-05 7.37272e-05 1.43505e-05 3.57943e-05 1.23974e-05
175 0.000133642 3.0131e-05 6.93813e-05 1.63544e-05 3.56018e-05 1.20849e-05
176 0.000143637 3.30364e-05 7.07656e-05 2.47636e-05 3.68499e-05 1.25749e-05
177 0.000123556 3.26425e-05 6.34035e-05 2.13605e-05 4.10134e-05 1.30272e-05
178 0.00013089 3.18302e-05 6.22853e-05 2.01777e-05 4.58721e-05 1.36181e-05
179 0.00012075 4.16792e-05 6.68517e-05 1.81294e-05 3.73118e-05 1.85296e-05
180 0.000123244 4.13555e-05 7.03002e-05 1.57842e-05 3.94991e-05 1.33619e-05
181 0.000139796 4.20691e-05 6.85313e-05 1.69218e-05 3.70536e-05 1.35509e-05
182 0.000143211 3.35012e-05 7.93361e-05 1.46648e-05 3.70469e-05 1.43401e-05
183 0.000143064 3.30073e-05 7.69343e-05 1.60003e-05 3.81433e-05 1.36684e-05
184 0.000127262 3.35029e-05 9.39465e-05 1.56987e-05 3.96352e-05 1.40274e-05
185 0.000137406 3.99299e-05 8.59362e-05 1.68181e-05 4.33524e-05 1.35665e-05
186 0.00014208 4.61833e-05 7.49461e-05 1.74237e-05 4.14089e-05 1.33498e-05
187 0.000135621 3.59117e-05 8.52528e-05 1.60243e-05 3.79887e-05 1.29844e-05
188 0.000146443 4.95686e-05 7.4123e-05 1.54196e-05 4.05517e-05 1.41449e-05
189 0.000144746 4.83303e-05 7.05799e-05 1.91374e-05 5.09008e-05 1.5297e-05
190 0.000147009 4.21539e-05 7.63964e-05 1.74519e-05 5.00531e-05 1.45204e-05
191 0.000149644 3.79386e-05 7.64439e-05 2.30718e-05 4.15705e-05 1.4983e-05
192 0.00014949 3.59791e-05 8.86506e-05 1.73317e-05 4.08198e-05 1.3958e-05
193 0.000141301 4.12888e-05 8.01987e-05 1.74116e-05 4.63174e-05 1.35782e-05
194 0.000159806 3.64333e-05 8.36151e-05 2.07698e-05 4.0144e-05 1.48369e-05
195 0.000156816 5.30185e-05 8.94114e-05 1.9532e-05 7.74358e-05 1.92013e-05
196 0.000226486 7.0801e-05 0.000107128 3.30496e-05 4.99125e-05 1.6765e-05
197 0.000191615 6.43276e-05 0.000121497 2.27272e-05 6.59577e-05 2.02425e-05
198 0.000193735 5.85487e-05 0.000118257 3.4316e-05 6.29911e-05 1.79863e-05
199 0.000186833 4.71049e-05 0.000103834 1.8935e-05 4.79704e-05 2.40685e-05
200 0.000179542 4.79421e-05 0.000105787 3.12086e-05 5.39077e-05 1.7645e-05
