2 3.347e-08 2.617e-08 3.413e-08 1.1453e-07 5.6446e-07 3.786e-08
3 6.012e-08 5.526e-08 6.626e-08 1.5666e-07 2.6379e-07 4.903e-08
4 1.0057e-07 7.761e-08 1.0812e-07 2.0847e-07 6.5709e-07 1.0763e-07
5 1.6656e-07 1.2385e-07 1.6933e-07 2.6536e-07 9.1249e-07 1.676e-07
6 2.2967e-07 1.6447e-07 2.2269e-07 3.182e-07 1.16173e-06 2.1592e-07
7 3.2767e-07 2.1332e-07 2.9757e-07 3.8527e-07 1.56024e-06 2.9732e-07
8 4.0378e-07 2.4444e-07 3.7414e-07 4.5639e-07 1.66349e-06 3.3175e-07
9 5.2649e-07 2.9101e-07 4.6937e-07 5.1581e-07 1.98043e-06 3.9839e-07
10 6.2699e-07 3.3895e-07 5.6689e-07 5.945e-07 2.21341e-06 4.3669e-07
11 7.8356e-07 3.851e-07 4.2597e-07 3.865e-07 2.3458e-06 5.465e-07
12 8.8749e-07 4.4546e-07 7.6715e-07 7.8527e-07 2.74865e-06 6.1033e-07
13 1.04035e-06 5.0005e-07 8.7592e-07 8.1002e-07 3.2552e-06 8.2819e-07
14 1.4465e-06 6.7215e-07 1.18643e-06 1.02097e-06 3.93784e-06 8.2011e-07
15 1.54568e-06 6.6677e-07 1.23001e-06 1.08033e-06 3.91919e-06 7.0622e-07
16 1.75899e-06 7.3501e-07 1.31903e-06 1.2425e-06 3.6084e-06 8.1764e-07
17 2.14639e-06 6.3046e-07 1.10456e-06 9.9435e-07 4.41979e-06 1.12231e-06
18 2.3812e-06 6.9452e-07 1.2874e-06 1.04352e-06 4.92311e-06 1.20716e-06
19 2.77444e-06 1.4422e-06 2.28546e-06 1.54819e-06 5.60761e-06 1.37373e-06
20 2.64497e-06 7.2573e-07 2.11637e-06 2.06233e-06 4.9515e-06 1.58914e-06
21 3.26287e-06 1.51605e-06 1.502e-06 1.75594e-06 6.50064e-06 9.5812e-07
22 3.48928e-06 8.9928e-07 2.49972e-06 1.81899e-06 5.05263e-06 1.26934e-06
23 4.91993e-06 2.09044e-06 2.08116e-06 2.27279e-06 4.9615e-06 1.38167e-06
24 5.12976e-06 2.01525e-06 1.99439e-06 1.53539e-06 5.0361e-06 1.23609e-06
25 3.67323e-06 1.2163e-06 2.73001e-06 1.83352e-06 5.26643e-06 1.25952e-06
26 4.02918e-06 1.12225e-06 5.15911e-06 2.02413e-06 4.83294e-06 1.26e-06
27 3.31554e-06 1.20216e-06 2.37655e-06 1.67907e-06 6.6207e-06 1.38847e-06
28 5.72785e-06 2.41919e-06 2.91447e-06 1.90184e-06 5.21743e-06 1.46458e-06
29 5.10117e-06 2.23752e-06 5.87522e-06 4.19536e-06 5.60793e-06 1.54566e-06
30 4.93816e-06 1.35084e-06 2.67576e-06 1.95169e-06 5.90617e-06 1.6966e-06
31 5.08017e-06 1.55838e-06 4.11e-06 3.25983e-06 6.5132e-06 1.70212e-06
32 4.81171e-06 1.59184e-06 3.18546e-06 2.6876e-06 7.09301e-06 1.71562e-06
33 6.04728e-06 3.74317e-06 4.47687e-06 2.42361e-06 8.24735e-06 1.65494e-06
34 4.81393e-06 2.06778e-06 5.10804e-06 6.91259e-06 6.0213e-06 2.24576e-06
35 9.61367e-06 2.01256e-06 5.60591e-06 3.18325e-06 7.79829e-06 2.90801e-06
36 8.03047e-06 1.79938e-06 4.0196e-06 3.367e-06 1.04656e-05 2.51663e-06
37 8.7296e-06 2.61954e-06 4.89843e-06 2.70535e-06 7.23185e-06 2.15211e-06
38 1.06307e-05 2.07842e-06 4.88435e-06 4.06209e-06 7.50078e-06 1.82743e-06
39 7.21377e-06 3.80271e-06 5.4922e-06 4.26882e-06 7.12311e-06 2.01188e-06
40 1.51844e-05 3.44276e-06 7.116e-06 5.16867e-06 7.98243e-06 2.25778e-06
41 9.00427e-06 2.30996e-06 4.642e-06 3.24109e-06 7.7255e-06 2.34392e-06
42 7.92333e-06 2.54254e-06 4.97424e-06 2.83862e-06 8.2424e-06 2.37378e-06
43 9.33931e-06 2.70465e-06 5.18515e-06 2.91239e-06 8.34885e-06 2.44287e-06
44 8.62753e-06 2.7544e-06 6.43411e-06 5.02152e-06 1.48173e-05 4.4118e-06
45 1.24598e-05 3.61348e-06 5.82346e-06 3.84838e-06 8.07089e-06 2.45792e-06
46 1.44751e-05 4.28348e-06 5.90245e-06 3.45379e-06 9.71001e-06 3.26734e-06
47 1.11934e-05 3.61017e-06 6.22222e-06 3.33617e-06 9.65286e-06 2.74458e-06
48 1.00041e-05 3.2377e-06 9.50096e-06 4.10232e-06 9.14796e-06 2.64652e-06
49 1.20978e-05 3.18403e-06 6.18443e-06 3.30712e-06 9.37829e-06 2.82385e-06
50 1.10222e-05 3.42958e-06 6.7863e-06 3.57861e-06 9.82415e-06 3.07172e-06
51 1.32305e-05 3.31038e-06 7.15318e-06 6.99967e-06 1.05184e-05 3.26234e-06
52 1.20901e-05 3.93323e-06 7.46782e-06 3.88576e-06 1.09948e-05 3.36631e-06
53 1.29132e-05 4.09798e-06 8.13723e-06 4.04518e-06 1.17594e-05 3.57835e-06
54 1.3873e-05 4.4141e-06 8.74824e-06 4.4793e-06 1.39911e-05 3.65931e-06
55 1.80503e-05 5.00649e-06 9.53513e-06 4.51264e-06 1.2603e-05 3.86029e-06
56 1.63243e-05 4.7907e-06 9.40612e-06 4.82089e-06 1.26311e-05 4.14962e-06
57 1.78706e-05 5.17865e-06 1.43395e-05 4.89664e-06 1.45118e-05 4.12724e-06
58 1.74485e-05 5.09021e-06 1.02264e-05 4.98308e-06 1.38703e-05 4.15979e-06
59 1.79679e-05 5.26725e-06 1.06282e-05 5.02039e-06 1.37343e-05 5.29598e-06
60 2.28245e-05 5.95479e-06 1.0566e-05 4.85384e-06 1.31357e-05 3.97952e-06
61 1.74593e-05 5.09824e-06 9.77811e-06 4.48899e-06 1.21667e-05 3.71587e-06
62 1.70683e-05 5.60285e-06 1.05392e-05 4.60405e-06 1.68303e-05 6.24684e-06
63 1.72966e-05 5.30622e-06 1.01923e-05 4.69496e-06 1.27333e-05 3.9739e-06
64 1.98386e-05 5.09983e-06 1.09774e-05 5.05596e-06 1.47427e-05 4.06546e-06
65 1.94435e-05 6.66051e-06 1.46433e-05 5.47808e-06 1.2593e-05 3.79625e-06
66 1.86721e-05 5.31686e-06 1.07893e-05 4.85832e-06 1.52679e-05 4.28326e-06
67 2.24086e-05 5.91016e-06 1.13532e-05 4.8504e-06 1.40926e-05 4.0514e-06
68 2.22062e-05 6.25824e-06 1.15919e-05 5.13202e-06 1.35575e-05 4.29759e-06
69 1.94739e-05 6.11942e-06 1.3128e-05 5.00889e-06 1.40249e-05 4.13636e-06
70 2.14242e-05 6.91428e-06 1.29813e-05 6.19536e-06 1.40949e-05 4.40767e-06
71 2.44571e-05 6.62284e-06 1.25866e-05 9.88819e-06 2.21212e-05 5.2615e-06
72 2.40173e-05 6.59783e-06 1.36936e-05 5.54088e-06 1.53623e-05 4.72067e-06
73 2.11342e-05 6.77758e-06 1.30428e-05 5.32885e-06 1.82932e-05 4.41475e-06
74 2.29874e-05 6.74302e-06 1.30651e-05 5.43624e-06 1.53342e-05 4.74874e-06
75 2.68637e-05 6.93883e-06 1.42023e-05 5.34095e-06 2.02624e-05 4.41164e-06
76 2.34267e-05 6.89272e-06 1.4186e-05 5.66776e-06 1.56172e-05 4.96563e-06
77 2.63376e-05 7.52901e-06 1.56155e-05 5.97281e-06 2.20815e-05 5.15131e-06
78 2.54845e-05 7.4976e-06 1.47372e-05 5.91039e-06 1.54339e-05 5.08169e-06
79 2.93179e-05 7.51081e-06 1.55103e-05 6.1831e-06 1.57744e-05 5.13045e-06
80 2.83174e-05 8.56561e-06 1.5874e-05 6.33933e-06 1.75116e-05 5.67842e-06
81 3.43151e-05 1.49947e-05 1.71785e-05 6.66959e-06 1.73075e-05 5.34404e-06
82 2.85912e-05 8.12781e-06 1.82127e-05 6.55688e-06 2.38112e-05 6.80177e-06
83 2.94165e-05 8.12075e-06 1.61832e-05 6.57501e-06 1.71555e-05 5.35129e-06
84 3.03337e-05 8.52701e-06 2.26402e-05 1.23873e-05 2.17091e-05 5.78888e-06
85 3.07481e-05 8.82314e-06 1.71389e-05 6.65052e-06 1.76459e-05 5.49808e-06
86 4.70736e-05 9.36057e-06 1.83809e-05 6.88697e-06 1.86458e-05 5.86514e-06
87 3.19772e-05 9.45791e-06 2.01895e-05 1.05674e-05 2.02897e-05 6.0284e-06
88 4.37746e-05 1.06508e-05 1.96249e-05 7.61598e-06 2.43808e-05 1.20244e-05
89 4.21181e-05 1.32614e-05 2.52644e-05 7.19206e-06 1.93108e-05 5.9287e-06
90 4.17589e-05 1.06645e-05 2.35764e-05 7.18858e-06 1.85692e-05 6.13322e-06
91 3.41463e-05 9.9324e-06 2.3499e-05 8.89881e-06 2.0005e-05 6.46338e-06
92 3.87574e-05 1.05118e-05 2.02223e-05 7.21464e-06 1.9264e-05 6.15871e-06
93 4.09583e-05 1.31353e-05 2.58143e-05 9.22601e-06 1.95765e-05 5.53894e-06
94 3.70789e-05 1.29517e-05 2.13499e-05 7.28105e-06 2.13395e-05 6.66405e-06
95 3.84578e-05 1.08624e-05 2.19331e-05 1.46505e-05 2.24836e-05 8.28547e-06
96 4.35786e-05 1.19489e-05 2.26599e-05 8.18037e-06 2.15481e-05 8.90887e-06
97 4.44903e-05 1.13641e-05 2.26451e-05 7.95177e-06 2.07775e-05 6.74185e-06
98 3.93571e-05 1.12686e-05 2.27845e-05 8.21007e-06 2.15931e-05 6.87813e-06
99 4.59966e-05 1.45887e-05 2.38937e-05 8.01531e-06 2.03179e-05 6.82935e-06
100 3.84228e-05 1.11091e-05 2.40711e-05 7.60222e-06 2.0644e-05 8.51163e-06
101 3.79587e-05 1.12974e-05 2.27576e-05 7.89664e-06 2.12815e-05 7.16305e-06
102 4.42254e-05 1.32835e-05 2.59695e-05 9.11775e-06 2.42346e-05 7.90091e-06
103 4.60619e-05 1.44556e-05 2.8383e-05 1.00691e-05 2.54038e-05 8.2068e-06
104 4.87441e-05 1.5511e-05 2.93618e-05 9.8888e-06 2.67005e-05 8.56821e-06
105 5.08903e-05 1.50761e-05 3.65635e-05 1.01006e-05 2.63526e-05 8.43199e-06
106 4.95189e-05 1.6232e-05 3.30022e-05 1.13145e-05 2.63033e-05 8.31597e-06
107 4.81665e-05 1.40921e-05 3.31119e-05 1.0172e-05 2.48158e-05 7.79661e-06
108 4.88291e-05 1.4448e-05 2.87139e-05 1.11445e-05 2.52453e-05 8.24309e-06
109 5.19445e-05 1.49322e-05 2.96703e-05 9.63434e-06 3.07096e-05 9.58819e-06
110 5.01614e-05 1.43587e-05 2.8034e-05 9.03069e-06 2.59793e-05 7.81066e-06
111 4.9667e-05 1.5363e-05 3.09701e-05 1.02316e-05 2.6797e-05 1.0533e-05
112 5.40864e-05 1.65818e-05 3.31748e-05 1.05932e-05 2.78758e-05 1.02726e-05
113 5.72339e-05 1.90573e-05 2.9446e-05 9.56747e-06 2.54657e-05 9.75401e-06
114 5.15189e-05 1.55645e-05 3.00269e-05 9.6296e-06 2.50967e-05 7.37646e-06
115 5.70213e-05 1.55955e-05 3.07433e-05 9.6379e-06 2.59615e-05 7.98713e-06
116 5.09822e-05 1.66523e-05 3.37606e-05 1.05972e-05 2.84073e-05 8.90352e-06
117 6.52846e-05 1.59156e-05 3.19198e-05 9.70009e-06 2.51328e-05 9.50076e-06
118 5.30317e-05 1.66943e-05 3.33312e-05 1.06093e-05 2.81249e-05 1.01357e-05
119 6.06683e-05 1.83213e-05 3.63815e-05 1.17309e-05 3.24745e-05 9.91151e-06
120 6.22344e-05 1.93413e-05 3.90021e-05 1.53712e-05 3.01647e-05 1.0376e-05
121 6.43122e-05 2.00584e-05 4.10037e-05 1.19071e-05 3.1259e-05 1.03258e-05
122 6.77113e-05 2.25344e-05 3.88447e-05 1.21572e-05 3.18474e-05 1.00731e-05
123 7.77916e-05 1.96566e-05 3.67497e-05 1.05999e-05 2.62359e-05 8.46745e-06
124 7.26952e-05 1.79676e-05 3.34036e-05 9.21843e-06 2.50133e-05 1.14811e-05
125 6.0728e-05 1.73621e-05 3.38452e-05 1.01295e-05 2.77082e-05 8.93439e-06
126 5.96179e-05 2.1168e-05 3.74441e-05 1.10069e-05 2.90911e-05 9.68246e-06
127 6.97113e-05 1.88667e-05 3.61452e-05 1.07736e-05 2.67478e-05 9.19507e-06
128 6.42076e-05 1.87696e-05 3.6171e-05 1.01827e-05 2.69904e-05 9.03545e-06
129 6.08902e-05 1.90338e-05 5.20249e-05 1.07021e-05 2.82771e-05 1.45134e-05
130 6.83899e-05 2.18366e-05 3.4765e-05 1.11717e-05 2.96137e-05 9.38499e-06
131 7.35961e-05 2.12804e-05 5.75045e-05 1.26867e-05 3.43132e-05 1.01128e-05
132 6.66353e-05 2.1027e-05 4.26427e-05 1.20859e-05 3.08122e-05 1.02366e-05
133 7.0978e-05 2.33074e-05 4.62705e-05 1.30807e-05 4.73543e-05 1.40641e-05
134 9.20174e-05 2.37005e-05 4.89165e-05 2.02869e-05 3.89273e-05 1.15438e-05
135 9.96322e-05 2.41269e-05 4.2467e-05 1.19112e-05 3.11896e-05 1.62022e-05
136 8.94557e-05 2.56956e-05 4.28909e-05 1.38887e-05 3.3341e-05 1.07407e-05
137 7.28842e-05 2.24123e-05 4.49397e-05 1.29348e-05 3.36693e-05 1.12489e-05
138 8.3635e-05 3.06996e-05 5.0321e-05 1.6233e-05 3.77483e-05 1.13112e-05
139 7.4855e-05 2.11185e-05 4.15418e-05 1.17618e-05 3.01636e-05 1.01598e-05
140 8.16768e-05 2.55934e-05 4.28223e-05 1.61899e-05 3.2359e-05 1.01498e-05
141 9.16569e-05 2.43526e-05 4.48565e-05 1.25203e-05 3.37312e-05 1.09605e-05
142 8.70211e-05 2.50426e-05 4.99e-05 1.34086e-05 3.37512e-05 1.50901e-05
143 8.76563e-05 2.59584e-05 5.55284e-05 1.38329e-05 3.62053e-05 1.18897e-05
144 9.40535e-05 3.26216e-05 5.16039e-05 1.39249e-05 3.59853e-05 1.1936e-05
145 0.000107208 2.71554e-05 5.71938e-05 1.44178e-05 3.80626e-05 1.2764e-05
146 0.000107529 2.92787e-05 5.8573e-05 1.52956e-05 4.67865e-05 1.32448e-05
147 0.000102372 3.73641e-05 5.85835e-05 1.55506e-05 4.2011e-05 1.39606e-05
148 0.000104784 3.31597e-05 6.43199e-05 1.65438e-05 4.19112e-05 1.40264e-05
149 0.000103902 3.19002e-05 6.76873e-05 1.61755e-05 4.24829e-05 1.55907e-05
150 0.000103789 3.29287e-05 7.04422e-05 1.72266e-05 4.42476e-05 1.44414e-05
151 0.000120389 3.3733e-05 6.81922e-05 1.75419e-05 4.6372e-05 1.4915e-05
152 0.000119118 3.51688e-05 7.09432e-05 1.81451e-05 4.57956e-05 1.51473e-05
153 0.000113247 3.50554e-05 6.98799e-05 2.1142e-05 4.64863e-05 1.53609e-05
154 0.000118769 3.5413e-05 7.04278e-05 1.92088e-05 4.63673e-05 1.55322e-05
155 0.000124586 3.61753e-05 8.1904e-05 1.90817e-05 4.66159e-05 1.58311e-05
156 0.000135334 3.63936e-05 7.31417e-05 1.96519e-05 4.66038e-05 1.53765e-05
157 0.000122766 3.61477e-05 0.000126966 2.74805e-05 6.00383e-05 1.66173e-05
158 0.000130132 3.86066e-05 7.59403e-05 2.15988e-05 5.00961e-05 1.84303e-05
159 0.000131855 4.04038e-05 7.72799e-05 1.92865e-05 4.913e-05 1.72492e-05
160 0.000134162 4.13774e-05 8.13928e-05 2.02224e-05 5.18045e-05 1.76735e-05
161 0.000135871 4.27464e-05 8.03268e-05 2.056e-05 5.32755e-05 1.79422e-05
162 0.000141263 4.24084e-05 8.12859e-05 2.20781e-05 5.19606e-05 1.84368e-05
163 0.000145015 4.16192e-05 8.22505e-05 1.9749e-05 5.18586e-05 1.78949e-05
164 0.000143432 4.21488e-05 8.19657e-05 2.00475e-05 5.33658e-05 1.72813e-05
165 0.000144469 4.30171e-05 8.18953e-05 2.27304e-05 5.17243e-05 1.82432e-05
166 0.0001694 4.28758e-05 9.17623e-05 2.10233e-05 5.09201e-05 1.87072e-05
167 0.000145602 4.2028e-05 8.20276e-05 1.96815e-05 5.23297e-05 1.77888e-05
168 0.000135787 4.21008e-05 8.82625e-05 1.96565e-05 5.13321e-05 1.71683e-05
169 0.000143567 4.98612e-05 8.25682e-05 2.03392e-05 5.85003e-05 1.74058e-05
170 0.000143671 4.12079e-05 8.17438e-05 2.3766e-05 5.03637e-05 1.71038e-05
171 0.00014145 4.22557e-05 8.68938e-05 2.04852e-05 5.10273e-05 1.70218e-05
172 0.000148745 4.81418e-05 8.93264e-05 1.97058e-05 5.45868e-05 2.17951e-05
173 0.000142399 4.36024e-05 8.6086e-05 1.98766e-05 5.52298e-05 1.6905e-05
174 0.000157294 4.75986e-05 9.20865e-05 1.96495e-05 5.09515e-05 1.70961e-05
175 0.000148576 4.28675e-05 9.12524e-05 1.96494e-05 4.98773e-05 1.73392e-05
176 0.000142233 5.19588e-05 0.000136037 2.69523e-05 5.87273e-05 1.71187e-05
177 0.000140266 4.36098e-05 8.54697e-05 1.96746e-05 5.03941e-05 1.77768e-05
178 0.00014406 5.02875e-05 8.66688e-05 2.01654e-05 5.76675e-05 1.77107e-05
179 0.000141708 4.42989e-05 8.77511e-05 2.00544e-05 5.58289e-05 1.78713e-05
180 0.000155374 4.56566e-05 8.92951e-05 2.08003e-05 5.28928e-05 1.7698e-05
181 0.00015818 4.61132e-05 9.14123e-05 2.08207e-05 6.05082e-05 1.76664e-05
182 0.00015336 4.66864e-05 9.14731e-05 2.17668e-05 5.74621e-05 1.77557e-05
183 0.00015111 4.78478e-05 0.000132211 3.52869e-05 9.11133e-05 2.72589e-05
184 0.000266643 8.58359e-05 0.000133683 2.31885e-05 8.38868e-05 2.07465e-05
185 0.000173439 5.64934e-05 0.000115253 2.48014e-05 0.00011058 2.17729e-05
186 0.000216808 6.16469e-05 0.000115903 2.58239e-05 6.64657e-05 2.31192e-05
187 0.000195467 5.96924e-05 0.000116845 2.64837e-05 6.8586e-05 2.2635e-05
188 0.000221345 6.63016e-05 0.000116719 3.72064e-05 7.76823e-05 2.28302e-05
189 0.000225989 6.12538e-05 0.000128166 2.81727e-05 7.54616e-05 2.43725e-05
190 0.000208934 6.95558e-05 0.000122399 3.51097e-05 6.74327e-05 2.5693e-05
191 0.000210218 6.19072e-05 0.000125289 2.73879e-05 7.00377e-05 2.38406e-05
192 0.00020445 6.09491e-05 0.000117445 2.60772e-05 7.56123e-05 3.15687e-05
193 0.00018945 6.15066e-05 0.00011479 2.49051e-05 6.22476e-05 2.11803e-05
194 0.000187879 6.19232e-05 0.000110805 3.00737e-05 6.27143e-05 2.24542e-05
195 0.000189585 5.98669e-05 0.000111681 2.65029e-05 6.30375e-05 2.11923e-05
196 0.000193482 5.93589e-05 0.000111292 2.61604e-05 6.08055e-05 2.09717e-05
197 0.000186502 5.85261e-05 0.000110623 3.13332e-05 6.34099e-05 2.12534e-05
198 0.000191663 6.02848e-05 0.000113688 2.34406e-05 5.89435e-05 2.08499e-05
199 0.00020451 5.64686e-05 0.000113274 2.38868e-05 5.91724e-05 2.1225e-05
200 0.000184729 5.72323e-05 0.000112457 2.47221e-05 5.95792e-05 2.06224e-05
