4 6.1e-07 2.67e-07 2.85e-07 1.08e-06
8 7.63e-07 4.93e-07 6.9e-07 9.81e-07
16 1.949e-06 9.2e-07 1.873e-06 1.517e-06
32 7.364e-06 1.4909e-05 6.102e-06 4.518e-06
64 2.5552e-05 8.886e-06 1.6829e-05 8.076e-06
128 9.9432e-05 3.2162e-05 6.0662e-05 1.8542e-05
256 0.000397507 0.000121745 0.000214237 3.9968e-05
512 0.00144141 0.000336679 0.000610862 8.6811e-05
1024 0.00421537 0.000996128 0.00199981 0.0001323
2048 0.0156081 0.00437509 0.00871364 0.000331954
4096 0.0680167 0.0157722 0.0341178 0.00059232
8192 0.262879 0.0675664 0.11706 0.001105
